epoch,train_dro_loss,train_worst_group_loss,q0,q1,q2,q3,val_worst_group_loss,val_group0_loss,val_group1_loss,val_group2_loss,val_group3_loss
1,0.677809749231782,0.9490028023719788,0.25558027625083923,0.2329602986574173,0.25252971053123474,0.2589297592639923,0.8482335805892944,0.5258796811103821,0.8482335805892944,0.5888563394546509,0.7732100486755371
2,0.5929960261943729,0.8061401414316754,0.24915842711925507,0.22049878537654877,0.2546963095664978,0.2756464183330536,0.9048171639442444,0.43881386518478394,0.9048171639442444,0.6002879738807678,0.7140401005744934
3,0.5892318390136542,0.8020736505818922,0.23687481880187988,0.21752817928791046,0.2606351673603058,0.2849617600440979,0.8630552291870117,0.43829840421676636,0.8630552291870117,0.6505250334739685,0.6414185762405396
4,0.5558917051137879,0.7899894187616747,0.22456614673137665,0.20927289128303528,0.26937392354011536,0.2967870533466339,0.9404229521751404,0.3761603832244873,0.9404229521751404,0.627805769443512,0.6534294486045837
5,0.5703703470008318,0.8509948558585588,0.21069516241550446,0.2085033655166626,0.2783123552799225,0.30248910188674927,0.8768157958984375,0.40922942757606506,0.8768157958984375,0.6769958138465881,0.601408064365387
6,0.5727115654668142,0.8338486760161644,0.1993032991886139,0.2080448865890503,0.28778398036956787,0.3048678934574127,0.8595170378684998,0.4238293468952179,0.8595170378684998,0.6664389967918396,0.6086196899414062
7,0.5580758272215377,0.8124403925829156,0.19003236293792725,0.20268090069293976,0.296312153339386,0.310974657535553,0.852649986743927,0.42829573154449463,0.852649986743927,0.6431367993354797,0.6301849484443665
8,0.5581780380980913,0.8070310603740604,0.18096286058425903,0.19721561670303345,0.30301910638809204,0.3188023567199707,0.8378034830093384,0.4330809712409973,0.8378034830093384,0.6813849210739136,0.5875242352485657
9,0.5495222453461137,0.7769136456556098,0.1717882752418518,0.19090144336223602,0.31259024143218994,0.32472002506256104,0.8396956324577332,0.4214285910129547,0.8396956324577332,0.6617617607116699,0.6054463982582092
10,0.5585652257120887,0.7913584126982578,0.16349662840366364,0.18671995401382446,0.32096046209335327,0.32882294058799744,0.8031578063964844,0.4468127191066742,0.8031578063964844,0.6777475476264954,0.5911124348640442
11,0.5625445780365966,0.8056953466215799,0.15809136629104614,0.18090762197971344,0.32901841402053833,0.3319825232028961,0.7710685729980469,0.47695738077163696,0.7710685729980469,0.667164146900177,0.6037473082542419
12,0.5682302803494209,0.7647971497025601,0.1525077521800995,0.17672070860862732,0.33532822132110596,0.33544328808784485,0.7714815735816956,0.48194679617881775,0.7714815735816956,0.6422593593597412,0.6241923570632935
13,0.5396594093289486,0.7600683216438737,0.14714957773685455,0.16519314050674438,0.34089159965515137,0.3467656373977661,0.8550573587417603,0.42063459753990173,0.8550573587417603,0.6139917969703674,0.657791018486023
14,0.5600431866424028,0.7978322408920111,0.1408109962940216,0.15962857007980347,0.34730473160743713,0.35225558280944824,0.7806912064552307,0.470054030418396,0.7806912064552307,0.6629716753959656,0.6036698818206787
15,0.5478676093179126,0.7482583869335263,0.13639871776103973,0.15058551728725433,0.3540828227996826,0.3589329719543457,0.8265416026115417,0.43694013357162476,0.8265416026115417,0.6312769651412964,0.6350048780441284
16,0.5482004714566607,0.7815161014712134,0.13032767176628113,0.14235718548297882,0.35997846722602844,0.3673366904258728,0.8217021226882935,0.4398420751094818,0.8217021226882935,0.669945478439331,0.6028841137886047
17,0.5473901955194251,0.7557172588137693,0.12377236038446426,0.1365487426519394,0.3660818934440613,0.37359702587127686,0.8083527088165283,0.4395217001438141,0.8083527088165283,0.6879820227622986,0.5842570066452026
18,0.5583593249320984,0.7843291981275692,0.1175488829612732,0.13272829353809357,0.3735063076019287,0.3762165606021881,0.8159815073013306,0.4339004456996918,0.8159815073013306,0.6399753093719482,0.6359174251556396
19,0.5471071039521417,0.7506754564684491,0.11236853897571564,0.12307773530483246,0.37937310338020325,0.38518068194389343,0.8273496627807617,0.4201366603374481,0.8273496627807617,0.6484427452087402,0.6315411925315857
20,0.5524468359559082,0.7649736584619035,0.10708658397197723,0.11774498969316483,0.3862154483795166,0.38895300030708313,0.8574343323707581,0.41016706824302673,0.8574343323707581,0.6231734752655029,0.6545574069023132
21,0.5616748485454294,0.7883144159649693,0.10152357071638107,0.11615169048309326,0.39013370871543884,0.3921910524368286,0.7844783067703247,0.4518260061740875,0.7844783067703247,0.6643889546394348,0.6107970476150513
22,0.549314692269924,0.7250537886175998,0.09708286076784134,0.10914792120456696,0.39609935879707336,0.39766982197761536,0.8039312958717346,0.44151151180267334,0.8039312958717346,0.6558746695518494,0.6197405457496643
23,0.5543949105018793,0.7552315481873446,0.09273985028266907,0.10434773564338684,0.40037477016448975,0.4025377035140991,0.8072255849838257,0.44718363881111145,0.8072255849838257,0.6317615509033203,0.6518447995185852
24,0.5583796147690263,0.7749203679173492,0.08829948306083679,0.10024233162403107,0.40343520045280457,0.4080229699611664,0.7925312519073486,0.4539984464645386,0.7925312519073486,0.6610488295555115,0.6215344667434692
25,0.5585596651531929,0.7483828067779541,0.08487413078546524,0.09513669461011887,0.4084683656692505,0.4115208685398102,0.8042423725128174,0.45730164647102356,0.8042423725128174,0.6321172118186951,0.6530523896217346
26,0.5593493255071862,0.7791736209115316,0.08133634924888611,0.09215198457241058,0.41041502356529236,0.41609662771224976,0.8083731532096863,0.45169198513031006,0.8083731532096863,0.6419349908828735,0.6370643973350525
27,0.5567959845066071,0.7442594378493553,0.07766499370336533,0.08669024705886841,0.41661742329597473,0.41902729868888855,0.8343096375465393,0.43553709983825684,0.8343096375465393,0.6184521913528442,0.6651461720466614
28,0.5523076196049534,0.7203982430835103,0.07457417249679565,0.08151161670684814,0.41961994767189026,0.42429423332214355,0.832484781742096,0.43266984820365906,0.832484781742096,0.633510172367096,0.6514293551445007
29,0.5557411125926084,0.7253797539444857,0.07065778970718384,0.07782541960477829,0.42218005657196045,0.4293367862701416,0.7884524464607239,0.4485934376716614,0.7884524464607239,0.676835834980011,0.6069924831390381
30,0.5569117977175602,0.7424100956251455,0.06728950887918472,0.07338273525238037,0.4268836975097656,0.4324439764022827,0.8181919455528259,0.44245579838752747,0.8181919455528259,0.667388379573822,0.6173170804977417
31,0.5537742480289104,0.7318394891051359,0.06383927911520004,0.06894075870513916,0.4295714795589447,0.4376485347747803,0.8096808195114136,0.4340404272079468,0.8096808195114136,0.6649295687675476,0.6228020787239075
32,0.5579787291759668,0.7622609270173449,0.06030484288930893,0.06588099896907806,0.43319442868232727,0.44061973690986633,0.8200277090072632,0.43376609683036804,0.8200277090072632,0.6560431718826294,0.628957986831665
33,0.5657937429672064,0.7645940295485563,0.05714552477002144,0.06410647928714752,0.43659132719039917,0.44215670228004456,0.8043854236602783,0.45349910855293274,0.8043854236602783,0.6605434417724609,0.6369161009788513
34,0.5587962082652158,0.7496962408686794,0.054712556302547455,0.06090731918811798,0.43995824456214905,0.4444219470024109,0.8158106207847595,0.44806748628616333,0.8158106207847595,0.6710653305053711,0.618252694606781
35,0.5564976112787113,0.7126416959041773,0.05195830389857292,0.05696922540664673,0.4416412115097046,0.4494313597679138,0.8346019983291626,0.4359031021595001,0.8346019983291626,0.6439039707183838,0.6459363102912903
36,0.5573424149391263,0.7331954864568488,0.04943358153104782,0.05290810018777847,0.44494009017944336,0.45271822810173035,0.8710753321647644,0.42576831579208374,0.8710753321647644,0.6504175066947937,0.6477941274642944
37,0.5554399961648986,0.7668654059254846,0.04675234481692314,0.050556596368551254,0.44903066754341125,0.45366042852401733,0.8915324807167053,0.4103551208972931,0.8915324807167053,0.633335530757904,0.6594030261039734
38,0.561151534318924,0.7636960564657699,0.044148094952106476,0.048360224813222885,0.45187443494796753,0.455617219209671,0.8910331726074219,0.4232558012008667,0.8910331726074219,0.6355677247047424,0.6569740176200867
39,0.5554116479186124,0.7118030904337417,0.04166600480675697,0.04463393986225128,0.4538782238960266,0.459821879863739,0.8791487812995911,0.4234691858291626,0.8791487812995911,0.6669122576713562,0.6265191435813904
40,0.5618620480215827,0.7775639212408731,0.03926432505249977,0.04402714967727661,0.45596951246261597,0.4607390761375427,0.8461081385612488,0.4360259175300598,0.8461081385612488,0.6549338698387146,0.6366739869117737
41,0.5579998209032901,0.7379373173381008,0.03724798932671547,0.04187580943107605,0.45767536759376526,0.4632008373737335,0.9018124938011169,0.4129219055175781,0.9018124938011169,0.6029117703437805,0.6967479586601257
42,0.5604571547619132,0.7531869314437689,0.03520851582288742,0.03940283879637718,0.4589824378490448,0.4664061665534973,0.9107852578163147,0.4185326099395752,0.9107852578163147,0.6076762676239014,0.6943562626838684
43,0.5658935086671696,0.7455262749694115,0.033274173736572266,0.03727797418832779,0.4601551294326782,0.4692927300930023,0.8413380980491638,0.45264536142349243,0.8413380980491638,0.6783791184425354,0.615450382232666
44,0.5551309821217559,0.7200516614803049,0.031534578651189804,0.034504685550928116,0.46215957403182983,0.47180113196372986,0.887753427028656,0.411457896232605,0.887753427028656,0.6367520093917847,0.6609688997268677
45,0.5589651562446771,0.7284367334010989,0.029727550223469734,0.03269025683403015,0.4638530910015106,0.4737291634082794,0.9015124440193176,0.41895923018455505,0.9015124440193176,0.6411461234092712,0.6616073250770569
46,0.5609662352606307,0.7426962187123853,0.02808425948023796,0.030967090278863907,0.4690791368484497,0.47186940908432007,0.9237349629402161,0.40569838881492615,0.9237349629402161,0.6056909561157227,0.6871100664138794
47,0.5548909874849541,0.7284833352233089,0.02641814947128296,0.02908114157617092,0.4693288505077362,0.4751718044281006,0.9185339212417603,0.4064803719520569,0.9185339212417603,0.6273040175437927,0.6756234765052795
48,0.5569480886293012,0.727869765009991,0.024868333712220192,0.027342993766069412,0.46962326765060425,0.4781654477119446,0.9400975108146667,0.40353333950042725,0.9400975108146667,0.6268807649612427,0.6714567542076111
49,0.5577518316202386,0.7418066089929536,0.023427091538906097,0.025697847828269005,0.4714394807815552,0.479435533285141,0.9780320525169373,0.3848866820335388,0.9780320525169373,0.5890138149261475,0.7163141965866089
50,0.5603393198445786,0.7134069807307665,0.021816929802298546,0.023923926055431366,0.47322607040405273,0.4810331463813782,0.9452375173568726,0.39984971284866333,0.9452375173568726,0.635792076587677,0.667373776435852
51,0.5600374368734138,0.7320252864859825,0.02046002261340618,0.02213006094098091,0.4745815396308899,0.48282837867736816,0.9288504719734192,0.41071444749832153,0.9288504719734192,0.6456999182701111,0.6540014743804932
52,0.5607984072940294,0.7703736251176789,0.01913871243596077,0.02179696410894394,0.4757482409477234,0.4833161532878876,0.9330881834030151,0.414089560508728,0.9330881834030151,0.6541187167167664,0.6471763253211975
53,0.5593207644861798,0.7792851599149926,0.018107280135154724,0.020995011553168297,0.4766060709953308,0.4842917025089264,0.9234142303466797,0.4227370321750641,0.9234142303466797,0.6407408118247986,0.6608659625053406
54,0.5628564905288608,0.7299579693827518,0.017073314636945724,0.02004406787455082,0.4768926799297333,0.48598989844322205,0.9154905080795288,0.4332943856716156,0.9154905080795288,0.6499391198158264,0.651655375957489
55,0.5556415367958157,0.7106690365214681,0.01609955169260502,0.018530430272221565,0.47697752714157104,0.4883924722671509,0.9200276732444763,0.4183403551578522,0.9200276732444763,0.6637974381446838,0.641086220741272
56,0.5569447403730348,0.7407606043094812,0.015145529992878437,0.0176719818264246,0.48020586371421814,0.486976683139801,0.9308443665504456,0.42461496591567993,0.9308443665504456,0.6418980956077576,0.6623523831367493
57,0.5579103224499281,0.7458358219889707,0.014249427244067192,0.016869308426976204,0.4793579876422882,0.4895232915878296,0.8820911645889282,0.4521443843841553,0.8820911645889282,0.7014598250389099,0.6144047379493713
58,0.5550017384595649,0.7279158151426981,0.01344352588057518,0.015876783058047295,0.48120829463005066,0.4894713759422302,0.9603058099746704,0.4090958833694458,0.9603058099746704,0.6212812066078186,0.6859458684921265
59,0.5579977541468865,0.738934704730677,0.012687682174146175,0.015168054029345512,0.4798779785633087,0.4922662377357483,0.9126253724098206,0.43556714057922363,0.9126253724098206,0.6542838215827942,0.6554892659187317
60,0.5588801932889361,0.739497859810674,0.011989557184278965,0.014242696575820446,0.4812321364879608,0.49253562092781067,0.9649086594581604,0.43344706296920776,0.9649086594581604,0.6500101089477539,0.6680392026901245
61,0.5543936574181845,0.7096365177354147,0.011376142501831055,0.013408035971224308,0.4835384786128998,0.4916774034500122,0.9597948789596558,0.42277660965919495,0.9597948789596558,0.6276711225509644,0.6833687424659729
62,0.5583923472914585,0.7336460261843926,0.010744881816208363,0.01291952095925808,0.4834081530570984,0.4929273724555969,0.9465833306312561,0.4336673319339752,0.9465833306312561,0.6381064653396606,0.6668115258216858
63,0.5527336070703905,0.7318253226058428,0.010247730650007725,0.012219555675983429,0.48477643728256226,0.49275627732276917,0.9931503534317017,0.41177037358283997,0.9931503534317017,0.6037237048149109,0.7161973714828491
64,0.5504186084104139,0.7187723981779676,0.009805346839129925,0.01152630615979433,0.4860021770000458,0.49266618490219116,1.0169402360916138,0.40530508756637573,1.0169402360916138,0.5914211869239807,0.7331053018569946
65,0.5533455284528954,0.7160069575143415,0.009293675422668457,0.0108089130371809,0.4853369891643524,0.4945603907108307,0.9895306825637817,0.41867005825042725,0.9895306825637817,0.6254199743270874,0.6859114766120911
66,0.5562284699706144,0.7262899515240692,0.008772005327045918,0.009968072175979614,0.48429471254348755,0.4969652593135834,1.0046796798706055,0.4108324646949768,1.0046796798706055,0.6299033164978027,0.6993890404701233
67,0.5570120859977811,0.7273366984932922,0.008303383365273476,0.009466428309679031,0.48584163188934326,0.49638864398002625,0.9877290725708008,0.42819610238075256,0.9877290725708008,0.6585193276405334,0.6560173630714417
68,0.5500953731148742,0.7027908785398617,0.007875382900238037,0.008857653476297855,0.48572245240211487,0.4975444972515106,1.0194573402404785,0.4092572033405304,1.0194573402404785,0.6173928380012512,0.7101403474807739
69,0.5542235374450684,0.7347810822863912,0.0074255941435694695,0.008352342061698437,0.4850100576877594,0.4992119371891022,1.0013775825500488,0.42201846837997437,1.0013775825500488,0.6454747915267944,0.6734607815742493
70,0.5593838532303654,0.7612045317195183,0.006979502271860838,0.008082439191639423,0.48527565598487854,0.4996623396873474,0.9584793448448181,0.440066933631897,0.9584793448448181,0.6656493544578552,0.654849648475647
71,0.549781754266384,0.7179378686949264,0.006642241962254047,0.0076668160036206245,0.4865531623363495,0.4991377890110016,0.9814520478248596,0.4358502924442291,0.9814520478248596,0.6668793559074402,0.6510101556777954
72,0.5554626251375953,0.7388845605905666,0.006280203349888325,0.007318044081330299,0.48597443103790283,0.5004273653030396,1.0211371183395386,0.4224354028701782,1.0211371183395386,0.6608232855796814,0.6749187111854553
73,0.5596049580463144,0.7380606927150903,0.005892598535865545,0.0068974983878433704,0.48758357763290405,0.49962639808654785,1.0475666522979736,0.4096512496471405,1.0475666522979736,0.6153579950332642,0.7038977742195129
74,0.5494873835596927,0.6892941150554391,0.005579078104346991,0.006314652971923351,0.4874088168144226,0.5006974339485168,1.0079911947250366,0.4175833761692047,1.0079911947250366,0.6641096472740173,0.663040280342102
75,0.5500500368517499,0.7457318472307782,0.005261107813566923,0.006035545375198126,0.4893490970134735,0.49935418367385864,1.0488625764846802,0.4062431752681732,1.0488625764846802,0.6247330904006958,0.7027185559272766
76,0.5527266173861748,0.7197698368582615,0.00493498332798481,0.00569087453186512,0.48710325360298157,0.5022709369659424,0.9901599884033203,0.4276999831199646,0.9901599884033203,0.6746156215667725,0.6573109030723572
77,0.5513790520124657,0.7398842628612075,0.004644687287509441,0.005335943773388863,0.48994144797325134,0.5000779628753662,1.0059407949447632,0.42618387937545776,1.0059407949447632,0.6870002746582031,0.642082929611206
78,0.5530323975307997,0.7360786657000697,0.004365059547126293,0.0050189308822155,0.49104043841362,0.49957555532455444,1.113917589187622,0.3800128400325775,1.113917589187622,0.6055890321731567,0.7212836742401123
79,0.5486968894337498,0.7404673480710318,0.004076354671269655,0.004685540217906237,0.4880681037902832,0.5031698942184448,1.0465898513793945,0.4004599153995514,1.0465898513793945,0.6593734622001648,0.6744311451911926
80,0.5567280989746715,0.7493936038294504,0.003829637076705694,0.004443062003701925,0.48986881971359253,0.5018584728240967,1.0713728666305542,0.3970940113067627,1.0713728666305542,0.6611764430999756,0.6737496256828308
81,0.5557384844436202,0.7762113262054532,0.003589153289794922,0.004323100205510855,0.48921316862106323,0.5028746724128723,0.9925227761268616,0.43741732835769653,0.9925227761268616,0.7147647738456726,0.6187185645103455
82,0.5520166255706964,0.7863274535467458,0.0033697825856506824,0.004180401563644409,0.489788293838501,0.5026614665985107,0.9954402446746826,0.44312503933906555,0.9954402446746826,0.7089259028434753,0.6306925415992737
83,0.5508782295293586,0.7502128696718882,0.00318061001598835,0.004020411986857653,0.49008840322494507,0.5027105808258057,1.0540759563446045,0.3942789137363434,1.0540759563446045,0.648116409778595,0.6861727833747864
84,0.5467782963153928,0.7742469359275906,0.002991962479427457,0.003897604998201132,0.4897746443748474,0.5033358335494995,1.1245843172073364,0.37259793281555176,1.1245843172073364,0.5933516621589661,0.7554360032081604
85,0.5472253900627757,0.7074513248232908,0.002829610835760832,0.00361591181717813,0.49023401737213135,0.5033204555511475,1.074823260307312,0.40077701210975647,1.074823260307312,0.6762748956680298,0.6555709838867188
86,0.5509429539358893,0.7627782696901366,0.00263152620755136,0.003460880368947983,0.49255141615867615,0.5013561248779297,1.1294831037521362,0.37717896699905396,1.1294831037521362,0.6150334477424622,0.7302133440971375
87,0.5497868241265763,0.7536464479080466,0.002464729594066739,0.003338840324431658,0.4911917448043823,0.5030047297477722,1.084843397140503,0.4014427363872528,1.084843397140503,0.6490668058395386,0.6871782541275024
88,0.5497327100398929,0.7641486428504767,0.0023135284427553415,0.00328841689042747,0.49153658747673035,0.5028614401817322,1.082743525505066,0.4060657024383545,1.082743525505066,0.6522963047027588,0.6786070466041565
89,0.5461264834847561,0.7865045708279277,0.002176497131586075,0.0032293933909386396,0.4921148121356964,0.5024793148040771,1.0876959562301636,0.40405702590942383,1.0876959562301636,0.6454744935035706,0.7007546424865723
90,0.5502204901950304,0.7328031721503235,0.0020518056116998196,0.0030723412055522203,0.49136337637901306,0.5035125613212585,1.078898310661316,0.4068152606487274,1.078898310661316,0.6401432156562805,0.6998181343078613
91,0.5451217286808546,0.7216069663679877,0.0019411907996982336,0.0028888897504657507,0.49156826734542847,0.5036016702651978,1.0482370853424072,0.42439761757850647,1.0482370853424072,0.6672613024711609,0.6698579788208008
92,0.5449878580348436,0.7219503445680752,0.0018287692219018936,0.0027350056916475296,0.49100226163864136,0.5044339895248413,1.029213547706604,0.44058293104171753,1.029213547706604,0.6913233995437622,0.6476962566375732
93,0.548533990632656,0.7312914334064307,0.0017239316366612911,0.002599915023893118,0.49118897318840027,0.5044870972633362,1.1010336875915527,0.40522831678390503,1.1010336875915527,0.6385118365287781,0.7149515151977539
94,0.5506597355354664,0.8056932964990305,0.0016255429945886135,0.0025532939471304417,0.49014121294021606,0.5056799054145813,1.0817673206329346,0.42763614654541016,1.0817673206329346,0.6504462957382202,0.7013914585113525
95,0.5426111928252286,0.6982753900594489,0.0015558454906567931,0.002360548824071884,0.4916391968727112,0.504444420337677,1.0876864194869995,0.4263603985309601,1.0876864194869995,0.6712005734443665,0.6674217581748962
96,0.5470572197160055,0.7551675827004188,0.0014659183798357844,0.002223602496087551,0.49241209030151367,0.5038984417915344,1.0389143228530884,0.43841999769210815,1.0389143228530884,0.677247941493988,0.6714738011360168
97,0.5528956429902897,0.7687176479849704,0.001380388275720179,0.002170577412471175,0.48964038491249084,0.5068086385726929,1.0623193979263306,0.4413698613643646,1.0623193979263306,0.6889285445213318,0.659255862236023
98,0.5441355123076328,0.7232758610747582,0.0013154660118743777,0.002051127841696143,0.49023640155792236,0.506397008895874,1.0804675817489624,0.4228116571903229,1.0804675817489624,0.6693912744522095,0.6743546724319458
99,0.5491546191448389,0.7109990057557128,0.001244247192516923,0.0019313455559313297,0.4924318492412567,0.5043925642967224,1.0773504972457886,0.42357560992240906,1.0773504972457886,0.6699066162109375,0.6772922873497009
100,0.547805282265641,0.7154012412525886,0.0011758727487176657,0.0018014430534094572,0.4908007085323334,0.5062220096588135,1.0489978790283203,0.4431866407394409,1.0489978790283203,0.7134045362472534,0.6525506377220154
101,0.5487467397091,0.7246671783369641,0.0011122936848551035,0.001729545067064464,0.4919476807117462,0.5052105188369751,1.0369772911071777,0.45236778259277344,1.0369772911071777,0.7040022015571594,0.6447247266769409
102,0.5431115634219591,0.7453833555066308,0.0010541945230215788,0.0016424417262896895,0.493910014629364,0.5033933520317078,1.1569268703460693,0.38538700342178345,1.1569268703460693,0.5936828851699829,0.7549706697463989
103,0.5415809875310853,0.7685294338437014,0.00099855603184551,0.0015993831912055612,0.4916636645793915,0.505738377571106,1.146386742591858,0.4004671275615692,1.146386742591858,0.6136918067932129,0.7514378428459167
104,0.5479666341182797,0.7782239172347757,0.0009453659295104444,0.0015317548532038927,0.4913257360458374,0.5061972141265869,1.127624273300171,0.3956734836101532,1.127624273300171,0.61130690574646,0.7426095008850098
105,0.5454301605390948,0.7933597564697266,0.0008969631744548678,0.0014603320742025971,0.4898228347301483,0.5078198313713074,1.0329521894454956,0.4696861505508423,1.0329521894454956,0.7150166034698486,0.6340067982673645
106,0.5423921180325885,0.7414186784001284,0.0008545756572857499,0.0013665513833984733,0.49113649129867554,0.5066422820091248,1.0852482318878174,0.44223010540008545,1.0852482318878174,0.6771860718727112,0.6855292320251465
107,0.5459522882173228,0.7186261193696842,0.0008152383961714804,0.0012809188337996602,0.4921177923679352,0.5057860612869263,1.094751238822937,0.4296351671218872,1.094751238822937,0.6709108352661133,0.6885008811950684
108,0.5450046672377475,0.7656215304552123,0.0007665801676921546,0.0012527687940746546,0.4928664267063141,0.5051141977310181,1.1166592836380005,0.41604679822921753,1.1166592836380005,0.6511033773422241,0.7012238502502441
109,0.5418571199095527,0.732262757628463,0.0007322118617594242,0.0011912313057109714,0.4920215308666229,0.5060549974441528,1.1202242374420166,0.41599419713020325,1.1202242374420166,0.6528962850570679,0.7036299109458923
110,0.5407077656235806,0.7897684858288876,0.0006929316441528499,0.0011530291521921754,0.4915911853313446,0.5065628886222839,1.1390742063522339,0.40957221388816833,1.1390742063522339,0.6345480680465698,0.7245047688484192
111,0.5400420018406802,0.7480478820412658,0.0006586205563507974,0.0010986891575157642,0.4926598072052002,0.505582869052887,1.116377830505371,0.42133647203445435,1.116377830505371,0.6416928172111511,0.7287967205047607
112,0.5389240009840145,0.7461760674798211,0.000624832755420357,0.0010420104954391718,0.4903163015842438,0.5080168843269348,1.1211450099945068,0.4306597411632538,1.1211450099945068,0.6810938715934753,0.695224404335022
113,0.54614488399306,0.7594308478887691,0.0005950586055405438,0.0009979926981031895,0.492776483297348,0.5056305527687073,1.0794775485992432,0.43723273277282715,1.0794775485992432,0.7020268440246582,0.6647281050682068
114,0.5421027672845263,0.7090525897436364,0.0005668232915922999,0.0009311775211244822,0.4947776198387146,0.5037243962287903,1.1510756015777588,0.41878771781921387,1.1510756015777588,0.6510772705078125,0.72530597448349
115,0.5443846181381581,0.7657320464766303,0.0005376614280976355,0.0009004476014524698,0.49215856194496155,0.5064033269882202,1.1270955801010132,0.4294770359992981,1.1270955801010132,0.678649365901947,0.6939548850059509
116,0.5399420150490695,0.765161745770033,0.0005092698847874999,0.0008788759005255997,0.49316972494125366,0.505442202091217,1.094838261604309,0.4492311179637909,1.094838261604309,0.7070379257202148,0.6572439074516296
117,0.5409107929052308,0.7832218824430953,0.0004805472563020885,0.000855203892569989,0.49257034063339233,0.5060939192771912,1.1048022508621216,0.44935157895088196,1.1048022508621216,0.7057431936264038,0.6689569354057312
118,0.5365475603314334,0.7723742896734282,0.00045853611663915217,0.000828305259346962,0.49136924743652344,0.5073438286781311,1.1104235649108887,0.4522404074668884,1.1104235649108887,0.7151588797569275,0.6519048810005188
119,0.5434008289215176,0.713279910558878,0.00043330734479241073,0.0007591541507281363,0.49083012342453003,0.5079773664474487,1.1455522775650024,0.42803439497947693,1.1455522775650024,0.6686143279075623,0.7143638730049133
120,0.5370335260102915,0.7586918403935987,0.0004130708402954042,0.000727722654119134,0.49131834506988525,0.507540762424469,1.1491410732269287,0.4274962246417999,1.1491410732269287,0.6740699410438538,0.6965151429176331
121,0.5360863784024882,0.7643521310285081,0.0003928581718355417,0.0006929483497515321,0.492416113615036,0.5064980387687683,1.1761592626571655,0.4293639361858368,1.1761592626571655,0.662774384021759,0.7209488153457642
122,0.5402642592441204,0.7909604775351148,0.0003736260696314275,0.0006749439635314047,0.49360325932502747,0.5053481459617615,1.1674209833145142,0.42649874091148376,1.1674209833145142,0.6582266688346863,0.7253496646881104
123,0.54160802863365,0.7604614260584809,0.00035441567888483405,0.0006416251417249441,0.49314725399017334,0.5058566927909851,1.2086163759231567,0.4065215289592743,1.2086163759231567,0.6134627461433411,0.774440586566925
124,0.5406322728755862,0.7927274191102316,0.00033661804627627134,0.0006216758047230542,0.4941616356372833,0.5048800706863403,1.2006983757019043,0.4325917363166809,1.2006983757019043,0.6757442951202393,0.7136349081993103
125,0.5354685769524685,0.7538743705250496,0.00032119511160999537,0.0005970851052552462,0.49334171414375305,0.5057399868965149,1.183526873588562,0.42270711064338684,1.183526873588562,0.6538543701171875,0.7364174723625183
126,0.5369420772375062,0.7182218834411266,0.0003061087627429515,0.0005501233972609043,0.49344441294670105,0.5056992769241333,1.2029684782028198,0.4266282916069031,1.2029684782028198,0.650473952293396,0.7435545325279236
127,0.5436467362004657,0.7855631847714268,0.0002917150850407779,0.0005284311482682824,0.494089275598526,0.5050906538963318,1.1749542951583862,0.4348446726799011,1.1749542951583862,0.6699326038360596,0.713136613368988
128,0.5362597745518352,0.7461760321328806,0.00027851812774315476,0.0005045314901508391,0.49263352155685425,0.5065835118293762,1.2093476057052612,0.4234781265258789,1.2093476057052612,0.6531948447227478,0.7463058233261108
129,0.5346105604670769,0.6996207569920739,0.00026532032643444836,0.00047654626541770995,0.49206429719924927,0.5071938037872314,1.166408658027649,0.4486430585384369,1.166408658027649,0.7025322318077087,0.6860061883926392
130,0.5310457847839178,0.7147455125354057,0.0002549569180700928,0.0004512161249294877,0.4929260313510895,0.5063678026199341,1.195497989654541,0.4402197301387787,1.195497989654541,0.6618342995643616,0.7170195579528809
131,0.5374240743559461,0.7897323882857035,0.00024435471277683973,0.0004362302424851805,0.4920716881752014,0.5072477459907532,1.137342929840088,0.4602968990802765,1.137342929840088,0.7112107276916504,0.6732009053230286
132,0.5368026799933855,0.7514446876769842,0.00023473195324186236,0.00041489742579869926,0.4920177757740021,0.5073326230049133,1.2036592960357666,0.4383130669593811,1.2036592960357666,0.6672524213790894,0.7371644973754883
133,0.5341443156087121,0.753419135892114,0.0002247611409984529,0.0003971812839154154,0.49112939834594727,0.5082486867904663,1.1667978763580322,0.45667311549186707,1.1667978763580322,0.7175593376159668,0.6761823892593384
134,0.5312734336354011,0.7156847278739131,0.0002149247011402622,0.0003752876946236938,0.4911559522151947,0.508253812789917,1.1931072473526,0.4293934106826782,1.1931072473526,0.6752747297286987,0.7312827706336975
135,0.534339566563451,0.7973018316335456,0.00020668510114774108,0.00036476601962931454,0.4936780333518982,0.5057504773139954,1.2026318311691284,0.4581582546234131,1.2026318311691284,0.6909170746803284,0.7054979801177979
136,0.5294534494710523,0.7173794785211253,0.0001979088265215978,0.0003439991851337254,0.4919634461402893,0.5074946284294128,1.2186424732208252,0.4273824393749237,1.2186424732208252,0.6454529762268066,0.7517217397689819
137,0.5384216752163199,0.8327495871588241,0.0001887463149614632,0.0003446689515840262,0.4906759262084961,0.5087906718254089,1.2267190217971802,0.4328317642211914,1.2267190217971802,0.6624883413314819,0.7364419102668762
138,0.5315385835115299,0.7638655013816301,0.00018166009976994246,0.0003287444415036589,0.4929662048816681,0.5065233707427979,1.213486671447754,0.4522339701652527,1.213486671447754,0.6973000764846802,0.7071835398674011
139,0.5320841496766999,0.731388988189919,0.00017481832765042782,0.0003096340224146843,0.4920140206813812,0.5075015425682068,1.2259032726287842,0.4551258683204651,1.2259032726287842,0.6968699097633362,0.7146986722946167
140,0.5331067921117295,0.7977736689323602,0.00016676372615620494,0.00030107845668680966,0.49119532108306885,0.5083368420600891,1.2397644519805908,0.43302780389785767,1.2397644519805908,0.6598495244979858,0.7409299612045288
141,0.533007837312166,0.7828303617100383,0.0001589196763234213,0.0002924650034401566,0.49163055419921875,0.5079180598258972,1.217626929283142,0.45560401678085327,1.217626929283142,0.7005556225776672,0.6984971761703491
142,0.531249864156856,0.7884049332419107,0.00015282878302969038,0.00028492228011600673,0.49286147952079773,0.5067007541656494,1.2745552062988281,0.41791728138923645,1.2745552062988281,0.6423599123954773,0.7624008059501648
143,0.53321165678113,0.8080517136773397,0.00014623980678152293,0.000277262763120234,0.49028223752975464,0.5092942118644714,1.2253779172897339,0.453419953584671,1.2253779172897339,0.6955378651618958,0.712806761264801
144,0.5300322299779847,0.7707257700520892,0.00014110715710557997,0.00026347098173573613,0.4920089840888977,0.5075865387916565,1.2391283512115479,0.44520485401153564,1.2391283512115479,0.6855273246765137,0.7142459154129028
145,0.5332016168638717,0.7885333112505979,0.0001344434858765453,0.00025802289019338787,0.49197396636009216,0.5076335072517395,1.2431321144104004,0.46618157625198364,1.2431321144104004,0.7100841999053955,0.7140730023384094
146,0.5334133727605953,0.7582117929015049,0.00012844556476920843,0.0002455469802953303,0.49089106917381287,0.508734941482544,1.2162810564041138,0.471653550863266,1.2162810564041138,0.6973629593849182,0.7079187631607056
147,0.5341734678246254,0.7505968379419904,0.00012445008906070143,0.00023336996673606336,0.4920508861541748,0.5075912475585938,1.2241524457931519,0.47594785690307617,1.2241524457931519,0.7305628061294556,0.6927953362464905
148,0.5323777365130048,0.7746268746464752,0.00011982784781139344,0.0002265892253490165,0.4932122528553009,0.5064412951469421,1.3460646867752075,0.4113777279853821,1.3460646867752075,0.6245294213294983,0.8043047785758972
149,0.5330069910648257,0.8099332597366599,0.00011500923574203625,0.00021987171203363687,0.4936710298061371,0.5059940814971924,1.2882277965545654,0.44168993830680847,1.2882277965545654,0.646573543548584,0.7634835839271545
150,0.5327603408070498,0.7733701904152714,0.0001114612678065896,0.00020706240320578218,0.4908815920352936,0.5087999105453491,1.2908934354782104,0.45201578736305237,1.2908934354782104,0.6973575949668884,0.726129412651062
151,0.5309960253016893,0.78156889455263,0.00010652010678313673,0.00019918748876079917,0.49076107144355774,0.5089331865310669,1.2678507566452026,0.4540013372898102,1.2678507566452026,0.7023023962974548,0.7142661213874817
152,0.5298452869404194,0.7951670663301335,0.00010274913802277297,0.00019395918934606016,0.49177801609039307,0.5079252123832703,1.2808939218521118,0.44858935475349426,1.2808939218521118,0.6807700395584106,0.7512208819389343
153,0.530375526394955,0.768634753864865,9.89521577139385e-05,0.00018634517618920654,0.4918200671672821,0.5078945755958557,1.3253194093704224,0.43562158942222595,1.3253194093704224,0.6484572887420654,0.7675579786300659
154,0.529025393863057,0.8290972321532494,9.510856034466997e-05,0.00018364547577220947,0.4903097450733185,0.5094115138053894,1.2312220335006714,0.46925270557403564,1.2312220335006714,0.706459105014801,0.7055478096008301
155,0.5291690750177517,0.740824687619542,9.182917710859329e-05,0.00017721527547109872,0.4912341237068176,0.5084967613220215,1.348994493484497,0.4315284788608551,1.348994493484497,0.6499021649360657,0.7725955247879028
156,0.5300747253174005,0.7890183516713076,8.816820627544075e-05,0.00017244534683413804,0.49381157755851746,0.5059278011322021,1.334208607673645,0.4458537995815277,1.334208607673645,0.6562696695327759,0.7627536654472351
157,0.530027161503947,0.8416771479817324,8.535339293302968e-05,0.00016933945880737156,0.49256160855293274,0.5071837306022644,1.2397156953811646,0.48701149225234985,1.2397156953811646,0.7279009819030762,0.6960909366607666
158,0.5309019386768341,0.7831286524617395,8.24179733172059e-05,0.00016238712123595178,0.4931032657623291,0.5066518783569336,1.3809561729431152,0.43636682629585266,1.3809561729431152,0.6249794960021973,0.824140727519989
159,0.5303343638431194,0.8460599211759345,7.945213292259723e-05,0.00016224256251007318,0.4918487071990967,0.5079095959663391,1.3182892799377441,0.4257865846157074,1.3182892799377441,0.6305626034736633,0.795568585395813
160,0.5272884105527124,0.7986534106176953,7.692124199820682e-05,0.00015735519991721958,0.490630567073822,0.5091351270675659,1.3182016611099243,0.47439470887184143,1.3182016611099243,0.6979901194572449,0.7351434826850891
161,0.5263449223928673,0.8275624160156694,7.455779996234924e-05,0.00015350652392953634,0.4908950924873352,0.5088768601417542,1.2497496604919434,0.49057990312576294,1.2497496604919434,0.7181174159049988,0.6969475150108337
162,0.5297177815160086,0.7829321394133013,7.211040065158159e-05,0.00014844613906461746,0.4930161237716675,0.5067633390426636,1.3667805194854736,0.4560398459434509,1.3667805194854736,0.6221134066581726,0.8272778987884521
163,0.5291789603787799,0.8466953676800395,7.114263280527666e-05,0.00014377356274053454,0.4917715787887573,0.5080134272575378,1.3055096864700317,0.495799720287323,1.3055096864700317,0.6969224214553833,0.7248123288154602
164,0.5257751373357551,0.7933310644571171,6.944179767742753e-05,0.00014070516044739634,0.4926164746284485,0.5071733593940735,1.3096204996109009,0.4812330901622772,1.3096204996109009,0.6617001891136169,0.7651450634002686
165,0.5312539976696635,0.7931856104107791,6.788162136217579e-05,0.0001350391103187576,0.49264299869537354,0.5071540474891663,1.3153769969940186,0.48400333523750305,1.3153769969940186,0.6908015012741089,0.7333238124847412
166,0.5316479185292887,0.792293225609979,6.587703683180735e-05,0.00012965650239493698,0.4910263419151306,0.5087781548500061,1.3417656421661377,0.4639706015586853,1.3417656421661377,0.6572266817092896,0.7789599895477295
167,0.5287323427754779,0.7787532376688581,6.454419781221077e-05,0.00012192776193842292,0.49165078997612,0.5081627368927002,1.3546804189682007,0.4543909430503845,1.3546804189682007,0.642543375492096,0.7981195449829102
168,0.5241593995759654,0.823589539805124,6.290516466833651e-05,0.00012018679990433156,0.4910643696784973,0.5087524652481079,1.3472745418548584,0.45586976408958435,1.3472745418548584,0.6715594530105591,0.7702945470809937
169,0.5263950284137282,0.8218776153963666,6.091678369557485e-05,0.00011715348227880895,0.49006062746047974,0.5097612738609314,1.3016504049301147,0.4956839084625244,1.3016504049301147,0.7226850390434265,0.7227297425270081
170,0.5256133252798125,0.8293637903623803,6.0111698985565454e-05,0.0001118053260142915,0.4925891160964966,0.5072389841079712,1.3582104444503784,0.45749831199645996,1.3582104444503784,0.641949474811554,0.8002410531044006
171,0.5252588710119558,0.7581811069056045,5.9205318393651396e-05,0.0001045370809151791,0.4930837154388428,0.5067525506019592,1.3624943494796753,0.45710039138793945,1.3624943494796753,0.6210856437683105,0.8297197818756104
172,0.5251076276912245,0.8016127257846123,5.825855987495743e-05,9.98028990579769e-05,0.4923451542854309,0.5074967741966248,1.3290901184082031,0.5201176404953003,1.3290901184082031,0.7400657534599304,0.7123730778694153
173,0.5237687410310258,0.8445199755735175,5.7175020629074425e-05,9.992210107157007e-05,0.4925534427165985,0.5072895288467407,1.3001933097839355,0.5185376405715942,1.3001933097839355,0.7245107889175415,0.7276676893234253
174,0.5242407716983972,0.846964230371076,5.588591011473909e-05,9.988350211642683e-05,0.4910984933376312,0.5087457895278931,1.316529631614685,0.4969860911369324,1.316529631614685,0.6695524454116821,0.7679628729820251
175,0.5245977508467298,0.7562801276528558,5.521932689589448e-05,9.3977025244385e-05,0.4914340376853943,0.5084167718887329,1.3597843647003174,0.4924743175506592,1.3597843647003174,0.7075424194335938,0.738974928855896
176,0.5249532204727794,0.7954004192075064,5.4143525630934164e-05,9.017533011501655e-05,0.4923437535762787,0.5075119733810425,1.3617737293243408,0.4825396239757538,1.3617737293243408,0.6479395031929016,0.7927884459495544
177,0.5263871716898542,0.7394454098025034,5.333374429028481e-05,8.339124906342477e-05,0.49072471261024475,0.5091384649276733,1.3029588460922241,0.5291376709938049,1.3029588460922241,0.7226136922836304,0.729087769985199
178,0.5245772218981455,0.834067783383436,5.275506555335596e-05,8.227600483223796e-05,0.49097222089767456,0.508892834186554,1.3356934785842896,0.5091488361358643,1.3356934785842896,0.6986453533172607,0.7480289340019226
179,0.524797948986985,0.8476915394150933,5.2070132369408384e-05,8.068938041105866e-05,0.49248287081718445,0.5073843002319336,1.366776704788208,0.4880940914154053,1.366776704788208,0.6467714309692383,0.7932168841362
180,0.5248100196206292,0.7805676196896753,5.1475028158165514e-05,7.664963050046936e-05,0.4911421239376068,0.5087296962738037,1.3548120260238647,0.5098991394042969,1.3548120260238647,0.7043496370315552,0.749152660369873
181,0.5329470980999081,0.834578087163526,5.048256934969686e-05,7.42312622605823e-05,0.4887532889842987,0.5111219882965088,1.2826238870620728,0.5348169207572937,1.2826238870620728,0.7239028811454773,0.7092870473861694
182,0.5209611591904663,0.8384463530640269,5.031806358601898e-05,7.287819607881829e-05,0.4913822114467621,0.5084945559501648,1.3694158792495728,0.524836003780365,1.3694158792495728,0.6947415471076965,0.7737879157066345
183,0.5291502288607663,0.8436651243719944,4.937312405672856e-05,7.162489055190235e-05,0.4908750653266907,0.5090039372444153,1.361431360244751,0.5056264996528625,1.361431360244751,0.6691784262657166,0.7816270589828491
184,0.5286149327145067,0.8277829282505568,4.8934049118543044e-05,6.893082172609866e-05,0.49187755584716797,0.5080044865608215,1.4043177366256714,0.48863279819488525,1.4043177366256714,0.648228645324707,0.8230854272842407
185,0.527456977339678,0.791742323442947,4.8156285629374906e-05,6.566587398992851e-05,0.4905516803264618,0.5093345046043396,1.357256531715393,0.5279122591018677,1.357256531715393,0.6996695399284363,0.7424130439758301
186,0.5254495032998019,0.8176580369472504,4.792787876795046e-05,6.356159428833053e-05,0.4922906160354614,0.5075979232788086,1.3788695335388184,0.5109185576438904,1.3788695335388184,0.6675796508789062,0.7951254844665527
187,0.5224505926287452,0.8734389702941097,4.752877794089727e-05,6.289345037657768e-05,0.4927857518196106,0.5071038007736206,1.358469843864441,0.5229023694992065,1.358469843864441,0.7187035083770752,0.7336214780807495
188,0.5250254044699114,0.7491562518962595,4.6619094064226374e-05,5.9369049267843366e-05,0.49124017357826233,0.5086538195610046,1.3785966634750366,0.5125141143798828,1.3785966634750366,0.6991532444953918,0.7584942579269409
189,0.5256502260995466,0.7922973050627597,4.592583718476817e-05,5.714244980481453e-05,0.49284860491752625,0.5070483684539795,1.406663417816162,0.5247337222099304,1.406663417816162,0.677742600440979,0.7742806077003479
190,0.5224133535873058,0.83550729931787,4.549591176328249e-05,5.533182411454618e-05,0.4922538995742798,0.5076451897621155,1.4068900346755981,0.5163233280181885,1.4068900346755981,0.6961538791656494,0.7684285640716553
191,0.522690414689308,0.8493747773558594,4.5368578867055476e-05,5.482607230078429e-05,0.4918794333934784,0.5080203413963318,1.3433183431625366,0.5480815768241882,1.3433183431625366,0.7196889519691467,0.7515341639518738
192,0.5255467926346978,0.7985849609208662,4.4966604036744684e-05,5.277393574942835e-05,0.49216321110725403,0.5077390074729919,1.395958662033081,0.5110530257225037,1.395958662033081,0.6692107319831848,0.7893316745758057
193,0.518434579982314,0.7784604776737302,4.4594009523279965e-05,4.942575469613075e-05,0.49327394366264343,0.5066320300102234,1.4522128105163574,0.4899737238883972,1.4522128105163574,0.6395121812820435,0.8192445635795593
194,0.5208091500193573,0.823619426682938,4.3773768993560225e-05,4.836700827581808e-05,0.4919254183769226,0.5079824924468994,1.4405626058578491,0.5085588693618774,1.4405626058578491,0.6887917518615723,0.7713160514831543
195,0.5237646941528764,0.8635686920132748,4.348336733528413e-05,4.767633799929172e-05,0.49169719219207764,0.5082116723060608,1.3927991390228271,0.5311756134033203,1.3927991390228271,0.686841607093811,0.7802140712738037
196,0.5238144737343455,0.8023246131664099,4.31196931458544e-05,4.563152833725326e-05,0.49075889587402344,0.5091522932052612,1.4239000082015991,0.5266997814178467,1.4239000082015991,0.708007276058197,0.7687625885009766
197,0.5262157161568486,0.8045505874378737,4.271031139069237e-05,4.3422514863777906e-05,0.4928143620491028,0.5070995092391968,1.3717340230941772,0.5371637940406799,1.3717340230941772,0.7123868465423584,0.7659804224967957
198,0.5218405626540961,0.8706683703633242,4.2200997995678335e-05,4.2423660488566384e-05,0.4894784390926361,0.5104368925094604,1.3831692934036255,0.5515159368515015,1.3831692934036255,0.7354965209960938,0.7172576189041138
199,0.5242972845254943,0.8361746537130933,4.196056033833884e-05,4.1325780330225825e-05,0.4905984103679657,0.5093183517456055,1.378572702407837,0.5404371023178101,1.378572702407837,0.7278251051902771,0.7383825182914734
200,0.525415662416192,0.8174626903478489,4.150632594246417e-05,3.9994454709813e-05,0.49257534742355347,0.5073431730270386,1.4029797315597534,0.548443078994751,1.4029797315597534,0.7343865036964417,0.7318669557571411
